{
  "generated_by": {
    "program": "augur",
    "version": "13.0.1"
  },
  "models": {
    "country": {
      "alphabet": [
        "Benin",
        "Cameroon",
        "Djibouti",
        "Egypt",
        "Ethiopia",
        "Gambia",
        "Ghana",
        "Guinea",
        "Kenya",
        "Libya",
        "Mali",
        "Morocco",
        "Nigeria",
        "SierraLeone",
        "Somalia",
        "SouthAfrica",
        "Togo",
        "Tunisia",
        "Uganda",
        "Zambia",
        "Zimbabwe",
        "?"
      ],
      "equilibrium_probabilities": [
        0.04794718548062077,
        0.046562382783133696,
        0.047788309487329546,
        0.047758984855594856,
        0.04635189279112891,
        0.0486530752653121,
        0.04792734091464481,
        0.04639446798805545,
        0.047740148143999635,
        0.04785527748866248,
        0.04676204911610975,
        0.047746406000130096,
        0.04710193738011088,
        0.04785014112014378,
        0.047101937380110634,
        0.04798645031585501,
        0.05033624440753276,
        0.047677207244560205,
        0.047982129407510156,
        0.047101937380110905,
        0.04737449504934345
      ],
      "rate": 514.9337481467584,
      "transition_matrix": [
        [
          0.0,
          1.073280291352487,
          1.0041779604405414,
          1.032008035565413,
          1.0034285139818775,
          0.9992506543064769,
          1.1168511024589414,
          1.0441007150290929,
          1.0034878671989733,
          1.358852954907753,
          1.1082643190941293,
          1.1485753499236069,
          0.9975743884420758,
          1.0104817498905467,
          0.997574388442078,
          1.0310362397243635,
          1.0173815915250306,
          1.0191199500687638,
          1.0444794370741641,
          0.9975743884420756,
          1.0258048085197922
        ],
        [
          1.073280291352487,
          0.0,
          0.998631267150813,
          1.0188041483011478,
          0.9995627979549867,
          0.9940131742107707,
          1.0268086526831532,
          0.9980330789380522,
          0.9972601954645783,
          1.005350988879605,
          0.9977647953149896,
          1.397144702871564,
          0.9923453929426782,
          1.0052330163072074,
          0.992345392942681,
          1.0312068618311412,
          1.0114986837624633,
          1.0137519403924213,
          1.0061625026028072,
          0.992345392942678,
          1.0249637078841172
        ],
        [
          1.0041779604405414,
          0.998631267150813,
          0.0,
          1.016997888138047,
          1.0106121639778023,
          0.9946237565289034,
          1.0111050018222039,
          0.9893513234393354,
          0.9992160322849656,
          1.004965432182639,
          0.9978601940282672,
          1.042684198118012,
          0.9922824421972692,
          1.3483360617067717,
          0.9922824421972712,
          1.1316643234901747,
          1.0150216546260749,
          1.3688025056994266,
          1.0068977375405614,
          0.9922824421972692,
          1.1289106774100572
        ],
        [
          1.032008035565413,
          1.0188041483011478,
          1.016997888138047,
          0.0,
          1.0112704218171087,
          1.0173216446989402,
          1.0266274603761378,
          1.0026705885758282,
          1.3713809650666375,
          1.0556096340918923,
          1.0477490264515699,
          1.163303121701664,
          1.0152129505794334,
          1.1500596257515483,
          1.015212950579438,
          1.0547401292877758,
          1.0461239482969733,
          1.0597113677332417,
          1.1383380389522035,
          1.015212950579433,
          1.0385780946020102
        ],
        [
          1.0034285139818775,
          0.9995627979549867,
          1.0106121639778023,
          1.0112704218171087,
          0.0,
          1.4936209137368608,
          1.0056777167897188,
          0.988781852375307,
          0.9980504055042451,
          1.0005033791331504,
          0.9970489445420269,
          1.034919354527488,
          0.991846921281674,
          1.0156463484798695,
          0.9918469212816757,
          1.0406698001596701,
          1.0072099644342876,
          1.006897953359641,
          1.0061277031655245,
          0.9918469212816737,
          1.0648107968976663
        ],
        [
          0.9992506543064769,
          0.9940131742107707,
          0.9946237565289034,
          1.0173216446989402,
          1.4936209137368608,
          0.0,
          1.0037424459585425,
          0.9841149163986124,
          0.9920379862137602,
          1.0017544396254534,
          0.9931764118359937,
          1.0501397585853642,
          1.137132132834693,
          1.0008228888318307,
          1.1371321328347255,
          1.02181458642691,
          1.1987576825372441,
          1.0128377391062566,
          1.0015735144969742,
          1.1371321328346902,
          1.0188470931964873
        ],
        [
          1.1168511024589414,
          1.0268086526831532,
          1.0111050018222039,
          1.0266274603761378,
          1.0056777167897188,
          1.0037424459585425,
          0.0,
          1.1621650734559992,
          1.0054948978725113,
          1.0144793589011998,
          1.0070247020710683,
          1.080779836230155,
          1.0020084563053449,
          1.0133159785633916,
          1.0020084563053482,
          1.0483924690918334,
          1.4030942557358137,
          1.0279568852975365,
          1.0149042071063272,
          1.0020084563053446,
          1.0268681119243634
        ],
        [
          1.0441007150290929,
          0.9980330789380522,
          0.9893513234393354,
          1.0026705885758282,
          0.988781852375307,
          0.9841149163986124,
          1.1621650734559992,
          0.0,
          0.9878760590270387,
          0.9926369795754917,
          0.9895105634989171,
          1.0323132774966115,
          0.9830979656571696,
          0.994252722892889,
          0.9830979656571711,
          1.0114516520951504,
          0.9989469993194864,
          0.9983388023431244,
          0.995872567352612,
          0.9830979656571693,
          1.0065429993169814
        ],
        [
          1.0034878671989733,
          0.9972601954645783,
          0.9992160322849656,
          1.3713809650666375,
          0.9980504055042451,
          0.9920379862137602,
          1.0054948978725113,
          0.9878760590270387,
          0.0,
          1.0021336954752509,
          0.9982412434088737,
          1.0671089666543088,
          0.9905638243928557,
          1.096783268899227,
          0.9905638243928575,
          1.0509465717585635,
          1.0078231637893944,
          1.0093212589788605,
          1.3482042711608537,
          0.9905638243928555,
          1.1250930267674275
        ],
        [
          1.358852954907753,
          1.005350988879605,
          1.004965432182639,
          1.0556096340918923,
          1.0005033791331504,
          1.0017544396254534,
          1.0144793589011998,
          0.9926369795754917,
          1.0021336954752509,
          0.0,
          1.1134124153012492,
          1.0869643085178085,
          1.0001164998480065,
          1.011882843420297,
          1.0001164998480103,
          1.0372449763567062,
          1.0270614523616572,
          1.350304339473652,
          1.0524009122421372,
          1.0001164998480063,
          1.0225444173270706
        ],
        [
          1.1082643190941293,
          0.9977647953149896,
          0.9978601940282672,
          1.0477490264515699,
          0.9970489445420269,
          0.9931764118359937,
          1.0070247020710683,
          0.9895105634989171,
          0.9982412434088737,
          1.1134124153012492,
          0.0,
          1.0380357897291543,
          0.9918443783745265,
          1.0034303732647434,
          0.9918443783745283,
          1.0208830736887684,
          1.0085347347301135,
          1.0108254277062538,
          1.1231609142673722,
          0.9918443783745264,
          1.0166166887508092
        ],
        [
          1.1485753499236069,
          1.397144702871564,
          1.042684198118012,
          1.163303121701664,
          1.034919354527488,
          1.0501397585853642,
          1.080779836230155,
          1.0323132774966115,
          1.0671089666543088,
          1.0869643085178085,
          1.0380357897291543,
          0.0,
          1.0467065319437066,
          1.163600402181238,
          1.0467065319437097,
          1.1078533136702866,
          1.0851958476384616,
          1.1058635385181421,
          1.0613190309314215,
          1.0467065319437063,
          1.0712929318019275
        ],
        [
          0.9975743884420758,
          0.9923453929426782,
          0.9922824421972692,
          1.0152129505794334,
          0.991846921281674,
          1.137132132834693,
          1.0020084563053449,
          0.9830979656571696,
          0.9905638243928557,
          1.0001164998480065,
          0.9918443783745265,
          1.0467065319437066,
          0.0,
          0.9982547539201233,
          1.1359434958106847,
          1.0179192306413207,
          1.1967273889916779,
          1.0109170386233832,
          0.9997653424748866,
          1.1359434958106531,
          1.0099793674689665
        ],
        [
          1.0104817498905467,
          1.0052330163072074,
          1.3483360617067717,
          1.1500596257515483,
          1.0156463484798695,
          1.0008228888318307,
          1.0133159785633916,
          0.994252722892889,
          1.096783268899227,
          1.011882843420297,
          1.0034303732647434,
          1.163600402181238,
          0.9982547539201233,
          0.0,
          0.9982547539201259,
          1.0370913383101839,
          1.0189400770307455,
          1.0240952599976325,
          1.0150556561923885,
          0.9982547539201229,
          1.135951532587257
        ],
        [
          0.997574388442078,
          0.992345392942681,
          0.9922824421972712,
          1.015212950579438,
          0.9918469212816757,
          1.1371321328347255,
          1.0020084563053482,
          0.9830979656571711,
          0.9905638243928575,
          1.0001164998480103,
          0.9918443783745283,
          1.0467065319437097,
          1.1359434958106847,
          0.9982547539201259,
          0.0,
          1.017919230641324,
          1.196727388991711,
          1.0109170386233872,
          0.999765342474889,
          1.1359434958106802,
          1.0099793674689685
        ],
        [
          1.0310362397243635,
          1.0312068618311412,
          1.1316643234901747,
          1.0547401292877758,
          1.0406698001596701,
          1.02181458642691,
          1.0483924690918334,
          1.0114516520951504,
          1.0509465717585635,
          1.0372449763567062,
          1.0208830736887684,
          1.1078533136702866,
          1.0179192306413207,
          1.0370913383101839,
          1.017919230641324,
          0.0,
          1.062583332420854,
          1.1835200294371588,
          1.0628523748408059,
          1.0179192306413203,
          1.2452414170832735
        ],
        [
          1.0173815915250306,
          1.0114986837624633,
          1.0150216546260749,
          1.0461239482969733,
          1.0072099644342876,
          1.1987576825372441,
          1.4030942557358137,
          0.9989469993194864,
          1.0078231637893944,
          1.0270614523616572,
          1.0085347347301135,
          1.0851958476384616,
          1.1967273889916779,
          1.0189400770307455,
          1.196727388991711,
          1.062583332420854,
          0.0,
          1.0464762641094882,
          1.0203642873461076,
          1.1967273889916776,
          1.0292839617948497
        ],
        [
          1.0191199500687638,
          1.0137519403924213,
          1.3688025056994266,
          1.0597113677332417,
          1.006897953359641,
          1.0128377391062566,
          1.0279568852975365,
          0.9983388023431244,
          1.0093212589788605,
          1.350304339473652,
          1.0108254277062538,
          1.1058635385181421,
          1.0109170386233832,
          1.0240952599976325,
          1.0109170386233872,
          1.1835200294371588,
          1.0464762641094882,
          0.0,
          1.0243246943846505,
          1.0109170386233821,
          1.0327012089401875
        ],
        [
          1.0444794370741641,
          1.0061625026028072,
          1.0068977375405614,
          1.1383380389522035,
          1.0061277031655245,
          1.0015735144969742,
          1.0149042071063272,
          0.995872567352612,
          1.3482042711608537,
          1.0524009122421372,
          1.1231609142673722,
          1.0613190309314215,
          0.9997653424748866,
          1.0150556561923885,
          0.999765342474889,
          1.0628523748408059,
          1.0203642873461076,
          1.0243246943846505,
          0.0,
          0.9997653424748861,
          1.1345591481872264
        ],
        [
          0.9975743884420756,
          0.992345392942678,
          0.9922824421972692,
          1.015212950579433,
          0.9918469212816737,
          1.1371321328346902,
          1.0020084563053446,
          0.9830979656571693,
          0.9905638243928555,
          1.0001164998480063,
          0.9918443783745264,
          1.0467065319437063,
          1.1359434958106531,
          0.9982547539201229,
          1.1359434958106802,
          1.0179192306413203,
          1.1967273889916776,
          1.0109170386233821,
          0.9997653424748861,
          0.0,
          1.0099793674689663
        ],
        [
          1.0258048085197922,
          1.0249637078841172,
          1.1289106774100572,
          1.0385780946020102,
          1.0648107968976663,
          1.0188470931964873,
          1.0268681119243634,
          1.0065429993169814,
          1.1250930267674275,
          1.0225444173270706,
          1.0166166887508092,
          1.0712929318019275,
          1.0099793674689665,
          1.135951532587257,
          1.0099793674689685,
          1.2452414170832735,
          1.0292839617948497,
          1.0327012089401875,
          1.1345591481872264,
          1.0099793674689663,
          0.0
        ]
      ]
    }
  },
  "nodes": {
    "LR963402": {
      "country": "Zimbabwe",
      "country_confidence": {
        "Zimbabwe": 1.0
      },
      "country_entropy": -1.000088900581841e-12
    },
    "LR963451": {
      "country": "Zimbabwe",
      "country_confidence": {
        "Zimbabwe": 1.0
      },
      "country_entropy": -1.000088900581841e-12
    },
    "MT324062": {
      "country": "SouthAfrica",
      "country_confidence": {
        "SouthAfrica": 1.0
      },
      "country_entropy": -1.000088900581841e-12
    },
    "MT653071": {
      "country": "Benin",
      "country_confidence": {
        "Benin": 1.0
      },
      "country_entropy": -1.000088900581841e-12
    },
    "MT653080": {
      "country": "Benin",
      "country_confidence": {
        "Benin": 1.0
      },
      "country_entropy": -1.000088900581841e-12
    },
    "MT731327": {
      "country": "Morocco",
      "country_confidence": {
        "Morocco": 1.0
      },
      "country_entropy": -1.000088900581841e-12
    },
    "MT790522": {
      "country": "Zambia",
      "country_confidence": {
        "Zambia": 0.9999999999999999
      },
      "country_entropy": -9.99866855976916e-13
    },
    "MT872497": {
      "country": "SierraLeone",
      "country_confidence": {
        "SierraLeone": 1.0
      },
      "country_entropy": -1.000088900581841e-12
    },
    "MT890205": {
      "country": "Ghana",
      "country_confidence": {
        "Ghana": 1.0
      },
      "country_entropy": -1.000088900581841e-12
    },
    "MT994707": {
      "country": "Nigeria",
      "country_confidence": {
        "Nigeria": 1.0
      },
      "country_entropy": -1.000088900581841e-12
    },
    "MW018428": {
      "country": "Libya",
      "country_confidence": {
        "Libya": 1.0
      },
      "country_entropy": -1.000088900581841e-12
    },
    "MW426406": {
      "country": "Tunisia",
      "country_confidence": {
        "Tunisia": 1.0
      },
      "country_entropy": -1.000088900581841e-12
    },
    "MW474741": {
      "country": "Mali",
      "country_confidence": {
        "Mali": 1.0
      },
      "country_entropy": -1.000088900581841e-12
    },
    "MW566800": {
      "country": "Cameroon",
      "country_confidence": {
        "Cameroon": 1.0
      },
      "country_entropy": -1.000088900581841e-12
    },
    "MW703381": {
      "country": "Ethiopia",
      "country_confidence": {
        "Ethiopia": 1.0
      },
      "country_entropy": -1.000088900581841e-12
    },
    "MW751124": {
      "country": "Kenya",
      "country_confidence": {
        "Kenya": 1.0
      },
      "country_entropy": -1.000088900581841e-12
    },
    "MZ040128": {
      "country": "Gambia",
      "country_confidence": {
        "Gambia": 1.0
      },
      "country_entropy": -1.000088900581841e-12
    },
    "MZ040130": {
      "country": "Gambia",
      "country_confidence": {
        "Gambia": 1.0
      },
      "country_entropy": -1.000088900581841e-12
    },
    "MZ054879": {
      "country": "Libya",
      "country_confidence": {
        "Libya": 1.0
      },
      "country_entropy": -1.000088900581841e-12
    },
    "MZ149969": {
      "country": "Togo",
      "country_confidence": {
        "Togo": 0.9999999999999999
      },
      "country_entropy": -9.99866855976916e-13
    },
    "MZ150527": {
      "country": "Ghana",
      "country_confidence": {
        "Ghana": 1.0
      },
      "country_entropy": -1.000088900581841e-12
    },
    "MZ172409": {
      "country": "Ethiopia",
      "country_confidence": {
        "Ethiopia": 1.0
      },
      "country_entropy": -1.000088900581841e-12
    },
    "MZ215672": {
      "country": "Togo",
      "country_confidence": {
        "Togo": 0.9999999999999999
      },
      "country_entropy": -9.99866855976916e-13
    },
    "MZ287350": {
      "country": "Uganda",
      "country_confidence": {
        "Uganda": 1.0
      },
      "country_entropy": -1.000088900581841e-12
    },
    "MZ287361": {
      "country": "Uganda",
      "country_confidence": {
        "Uganda": 1.0
      },
      "country_entropy": -1.000088900581841e-12
    },
    "MZ520070": {
      "country": "Somalia",
      "country_confidence": {
        "Somalia": 0.9999999999999999
      },
      "country_entropy": -9.99866855976916e-13
    },
    "MZ540788": {
      "country": "Tunisia",
      "country_confidence": {
        "Tunisia": 1.0
      },
      "country_entropy": -1.000088900581841e-12
    },
    "MZ571142": {
      "country": "Morocco",
      "country_confidence": {
        "Morocco": 1.0
      },
      "country_entropy": -1.000088900581841e-12
    },
    "MZ619091": {
      "country": "Guinea",
      "country_confidence": {
        "Guinea": 1.0
      },
      "country_entropy": -1.000088900581841e-12
    },
    "MZ622025": {
      "country": "Guinea",
      "country_confidence": {
        "Guinea": 1.0
      },
      "country_entropy": -1.000088900581841e-12
    },
    "MZ854386": {
      "country": "SierraLeone",
      "country_confidence": {
        "SierraLeone": 1.0
      },
      "country_entropy": -1.000088900581841e-12
    },
    "NODE_0000000": {
      "country": "Togo",
      "country_confidence": {
        "Ghana": 0.18325099835145756,
        "SouthAfrica": 0.08729224421915048,
        "Togo": 0.22491089740994769,
        "Tunisia": 0.06781416448179944
      },
      "country_entropy": 2.610509739824614
    },
    "NODE_0000001": {
      "country": "Uganda",
      "country_confidence": {
        "Egypt": 0.13102250718295883,
        "Libya": 0.06216685622780601,
        "Mali": 0.12733708967551405,
        "Uganda": 0.3846341956129875
      },
      "country_entropy": 2.2302708740213726
    },
    "NODE_0000002": {
      "country": "Mali",
      "country_confidence": {
        "Benin": 0.11855993668936585,
        "Libya": 0.13189081914143333,
        "Mali": 0.38265985416883724,
        "Uganda": 0.12449824598552084
      },
      "country_entropy": 2.1486182948186148
    },
    "NODE_0000003": {
      "country": "Libya",
      "country_confidence": {
        "Benin": 0.34375982414107903,
        "Libya": 0.3563364051694928,
        "Mali": 0.1036970477929618,
        "Uganda": 0.036316879365827046
      },
      "country_entropy": 1.8323659883335106
    },
    "NODE_0000004": {
      "country": "Egypt",
      "country_confidence": {
        "Egypt": 0.3914536135651475,
        "Libya": 0.04822203970643601,
        "Morocco": 0.08959714191195299,
        "Uganda": 0.11721426433752914
      },
      "country_entropy": 2.3117985395289535
    },
    "NODE_0000011": {
      "country": "Tunisia",
      "country_confidence": {
        "Egypt": 0.03482307580818063,
        "Libya": 0.31374800442101797,
        "Morocco": 0.06958913190812042,
        "Tunisia": 0.3606824508470835
      },
      "country_entropy": 1.9808851826020049
    },
    "NODE_0000012": {
      "country": "Ethiopia",
      "country_confidence": {
        "Ethiopia": 0.3227843082529313,
        "SierraLeone": 0.046102727023283045,
        "SouthAfrica": 0.0662037852445325,
        "Zimbabwe": 0.256601505506047
      },
      "country_entropy": 2.232957263776037
    },
    "NODE_0000013": {
      "country": "Zimbabwe",
      "country_confidence": {
        "Djibouti": 0.10705934976563826,
        "Ethiopia": 0.10129367196344322,
        "SierraLeone": 0.1086495290539513,
        "Zimbabwe": 0.46792582577473
      },
      "country_entropy": 1.994684505053622
    },
    "NODE_0000015": {
      "country": "Ethiopia",
      "country_confidence": {
        "Ethiopia": 0.9382800524684405,
        "Gambia": 0.03929875846727654,
        "SouthAfrica": 0.0018958091867978509,
        "Zimbabwe": 0.005950548149776012
      },
      "country_entropy": 0.3317047303024232
    },
    "NODE_0000016": {
      "country": "Morocco",
      "country_confidence": {
        "Cameroon": 0.09535432767682052,
        "Morocco": 0.293048892992689,
        "SouthAfrica": 0.08437874318442234,
        "Zimbabwe": 0.06755703420208972
      },
      "country_entropy": 2.589509026982965
    },
    "NODE_0000018": {
      "country": "Benin",
      "country_confidence": {
        "Benin": 0.36281278556440655,
        "Ghana": 0.11142541878605128,
        "Guinea": 0.09908524284595711,
        "Morocco": 0.14496768050529701
      },
      "country_entropy": 2.1910257134316122
    },
    "NODE_0000019": {
      "country": "Morocco",
      "country_confidence": {
        "Egypt": 0.10035475099596518,
        "Morocco": 0.4678603047782781,
        "SierraLeone": 0.09759147423367204,
        "Tunisia": 0.04315045655445986
      },
      "country_entropy": 2.10460311354209
    },
    "NODE_0000020": {
      "country": "SierraLeone",
      "country_confidence": {
        "Egypt": 0.16563252106105972,
        "Kenya": 0.10771057823384242,
        "Morocco": 0.15178293069775237,
        "SierraLeone": 0.35434822243756514
      },
      "country_entropy": 2.144754484053702
    },
    "NODE_0000021": {
      "country": "Egypt",
      "country_confidence": {
        "Egypt": 0.38355997392362123,
        "Kenya": 0.3253479422628759,
        "Morocco": 0.043949395381115475,
        "SierraLeone": 0.09561000447083198
      },
      "country_entropy": 1.8087728465689088
    },
    "NODE_0000022": {
      "country": "Togo",
      "country_confidence": {
        "Gambia": 0.16078282891564366,
        "Somalia": 0.1595618506047146,
        "Togo": 0.22380080298963248,
        "Zambia": 0.15956185060470351
      },
      "country_entropy": 2.120887333702438
    },
    "NODE_0000023": {
      "country": "Ghana",
      "country_confidence": {
        "Benin": 0.10417837988779739,
        "Ghana": 0.3444090035731885,
        "Guinea": 0.3175153893911356,
        "Morocco": 0.04495692005618716
      },
      "country_entropy": 1.944591641718177
    },
    "NODE_0000025": {
      "country": "Zimbabwe",
      "country_confidence": {
        "Ethiopia": 0.12239437951931192,
        "Morocco": 0.10796549854898337,
        "SouthAfrica": 0.17580577299189235,
        "Zimbabwe": 0.21524722636399166
      },
      "country_entropy": 2.5543358937918956
    },
    "NODE_0000026": {
      "country": "Morocco",
      "country_confidence": {
        "Egypt": 0.11524305445149664,
        "Morocco": 0.25504847586859936,
        "Togo": 0.0844493946321105,
        "Tunisia": 0.11879810632972511
      },
      "country_entropy": 2.5470972271329186
    },
    "NODE_0000027": {
      "country": "SouthAfrica",
      "country_confidence": {
        "Morocco": 0.11534282479960986,
        "SouthAfrica": 0.1721457528109971,
        "Togo": 0.11721918474572633,
        "Tunisia": 0.12792278057628992
      },
      "country_entropy": 2.6790934543721563
    },
    "NODE_0000028": {
      "country": "Togo",
      "country_confidence": {
        "Ghana": 0.36264097458736555,
        "SouthAfrica": 0.025982330023091506,
        "Togo": 0.400072264799367,
        "Tunisia": 0.021028292561342126
      },
      "country_entropy": 1.7604940898723866
    },
    "NODE_0000029": {
      "country": "SouthAfrica",
      "country_confidence": {
        "Djibouti": 0.11399905977457052,
        "Morocco": 0.04145127945193108,
        "SouthAfrica": 0.3934675589039421,
        "Tunisia": 0.17771072798776497
      },
      "country_entropy": 2.1573029356180444
    },
    "NODE_0000030": {
      "country": "Tunisia",
      "country_confidence": {
        "Djibouti": 0.32661657260393123,
        "Morocco": 0.016121708116483353,
        "SouthAfrica": 0.10723175572165254,
        "Tunisia": 0.38842648992089934
      },
      "country_entropy": 1.7874814346190337
    },
    "NODE_0000031": {
      "country": "Morocco",
      "country_confidence": {
        "Benin": 0.07536586904221307,
        "Cameroon": 0.25363716646603995,
        "Ghana": 0.027367089747246588,
        "Morocco": 0.44101989760365845
      },
      "country_entropy": 1.8836743541379333
    },
    "NODE_0000032": {
      "country": "SouthAfrica",
      "country_confidence": {
        "Ethiopia": 0.042879093420632355,
        "SouthAfrica": 0.38550597898640837,
        "Uganda": 0.042221719859362544,
        "Zimbabwe": 0.253836545006794
      },
      "country_entropy": 2.08658592886734
    },
    "NODE_0000033": {
      "country": "Zimbabwe",
      "country_confidence": {
        "Kenya": 0.10228212067908492,
        "SouthAfrica": 0.12682345108419726,
        "Uganda": 0.104445422976021,
        "Zimbabwe": 0.471445402802854
      },
      "country_entropy": 1.9510897218925265
    },
    "NODE_0000034": {
      "country": "Uganda",
      "country_confidence": {
        "Kenya": 0.3396514638095939,
        "SouthAfrica": 0.03769502211309925,
        "Uganda": 0.3426303445330282,
        "Zimbabwe": 0.12654971246373345
      },
      "country_entropy": 1.8401831241799107
    },
    "NODE_0000035": {
      "country": "Guinea",
      "country_confidence": {
        "Benin": 0.0036288500152809105,
        "Ghana": 0.011382141665975395,
        "Guinea": 0.967659950023909,
        "Morocco": 0.001904112001691339
      },
      "country_entropy": 0.22296095364426405
    },
    "NODE_0000037": {
      "country": "SierraLeone",
      "country_confidence": {
        "Djibouti": 0.3418601529254528,
        "Ethiopia": 0.029998102584148936,
        "SierraLeone": 0.3439420397768601,
        "Zimbabwe": 0.12573241182054581
      },
      "country_entropy": 1.8384008709352164
    },
    "OK001876": {
      "country": "Egypt",
      "country_confidence": {
        "Egypt": 1.0
      },
      "country_entropy": -1.000088900581841e-12
    },
    "OK018220": {
      "country": "Djibouti",
      "country_confidence": {
        "Djibouti": 0.9999999999999999
      },
      "country_entropy": -9.99866855976916e-13
    },
    "OK018237": {
      "country": "Djibouti",
      "country_confidence": {
        "Djibouti": 1.0
      },
      "country_entropy": -1.000088900581841e-12
    },
    "OK091660": {
      "country": "SouthAfrica",
      "country_confidence": {
        "SouthAfrica": 1.0
      },
      "country_entropy": -1.000088900581841e-12
    },
    "OK348762": {
      "country": "Kenya",
      "country_confidence": {
        "Kenya": 1.0
      },
      "country_entropy": -1.000088900581841e-12
    },
    "OK354409": {
      "country": "Egypt",
      "country_confidence": {
        "Egypt": 1.0
      },
      "country_entropy": -1.000088900581841e-12
    }
  }
}